r = 0.0536/100;
m = 1.67262e-27;
l = 426.439;
q = 1.602e-19;
z = 10;
c = 3e8;


E = 2*r*m*l/(q*(z/c)^2)/1e6